41 24.87195911476744 
13 17.3735525035158 
293 26.954481039761347 
167 26.69754120592921 
173 25.28476834290587 
129 19.33265538177879 
60 16.303695070463355 
274 23.843052964699822 
162 33.074992223637906 
212 28.664983426765453 
253 28.03946396525359 
259 18.72094507481517 
200 28.23446760429561 
282 27.682886631236777 
285 19.25313075354716 
120 20.73103960997777 
32 18.26959768247797 
71 24.125634352526443 
174 30.726949420996508 
25 17.797862861635917 
105 24.43901569317901 
5 19.426412688443136 
154 27.376304242890043 
35 21.582272444234512 
47 23.536888404378615 
54 20.43788075739871 
58 21.577677914589817 
252 21.285379185338087 
183 28.05276382795121 
83 27.99968078620575 
95 29.54928010458979 
281 32.9299308333747 
199 26.31915042842678 
21 27.80060486597869 
276 22.205815670531205 
152 26.663720973008402 
266 23.0661770343932 
206 21.5326034062294 
213 26.296043944472032 
111 32.223317737736664 
126 25.396869141092083 
59 25.44279856165887 
44 28.316625803997283 
34 18.593915574351552 
106 25.52713927994624 
247 22.559592330698486 
248 31.19358416321165 
134 26.427692150626903 
104 23.779909475977156 
157 28.08230671864365 
275 30.99190014489307 
18 26.91631906381983 
224 19.450377242257154 
296 7.994752284961276 
96 35.74758316041497 
86 27.08063916367383 
61 24.403514873334153 
100 34.66541656255375 
211 28.531677374668018 
145 26.506640650230707 
88 25.954053802440193 
63 24.10660263016069 
87 33.874739496176446 
135 36.24872030840475 
84 27.239297325069938 
163 27.901958096851253 
280 34.47171826564581 
3 20.398879117567105 
251 22.048988722964634 
216 29.455090879488424 
185 27.981435493384488 
130 28.510754567286718 
109 27.649085718594467 
165 28.410368557668924 
178 30.527439208943218 
17 32.528659428618205 
150 17.52278025971692 
140 20.51058115518768 
16 22.571507801879775 
169 22.403106484849964 
37 29.54155424036886 
177 17.16909634267161 
143 29.165606861983964 
196 26.270157589265935 
184 21.497685179974827 
28 24.18767829736238 
122 20.135975298416664 
249 21.165371831311944 
112 21.495194958113956 
215 24.784995520015435 
262 17.62426862790648 
277 18.453434020285226 
79 21.826677490939677 
9 24.156214531246388 
264 18.339995875039907 
4 22.261501546508065 
186 16.061739772530025 
70 12.896570814355394 
110 21.618006975139966 
187 26.317171557829464 
268 24.72673937700838 
127 25.80208067686213 
161 27.615905323593058 
90 23.589068657339652 
102 33.83843911817159 
26 21.306229329889682 
77 27.129495932141175 
101 23.144107549244453 
220 27.415287921204197 
108 25.018168734603005 
123 23.675544620951708 
118 25.42191372789738 
69 26.11568296608019 
91 26.20707208037891 
238 19.471787969391006 
265 25.055094673938683 
116 27.20238110899324 
170 25.338658717937363 
66 31.69830751837769 
65 25.723241816875007 
222 26.679631745155397 
76 19.407254673407877 
141 27.426267512996667 
121 17.670909476545003 
94 18.734098512685193 
8 28.666500019419928 
74 20.72369618626252 
294 28.919276646103068 
273 19.489088226901327 
128 25.609863299355677 
221 20.862287956168466 
153 18.77687005244146 
225 25.929889769940292 
189 20.553161449893466 
43 20.121611887265008 
137 22.0619072222849 
124 23.120021199171354 
72 21.06574529909419 
239 29.420273132160702 
57 22.634008323467565 
80 26.919675889403795 
131 19.34656607642552 
73 19.127794374782468 
208 21.54140171634792 
241 23.14063276781245 
62 30.2209452076875 
290 24.745623712003216 
229 22.134473935404763 
243 29.891835036214236 
180 23.674389853858255 
260 17.91646063138312 
39 26.450034767900895 
256 27.413481824566183 
217 25.392509730105512 
204 26.638078637066663 
209 24.86907202258383 
236 17.045709127770117 
144 25.0628522053195 
279 26.629278931394957 
283 25.43869829431107 
159 15.219094608497414 
15 17.553479309932555 
45 24.715188318070958 
107 18.781527125573426 
139 20.399417930029024 
278 29.28564481569348 
263 22.936810690413473 
223 26.142786044545076 
51 24.101305191997547 
237 26.865353175123577 
148 33.440127330220534 
53 22.446028997087314 
12 29.442146421864322 
92 16.359167873357706 
219 20.61929523760744 
191 24.871042511045232 
175 20.224654828659244 
20 16.524767387686936 
258 16.501858171602457 
138 25.03615945225143 
38 23.29664238603268 
24 25.24645697543609 
297 12.734549062097004 
188 16.012324570127067 
267 26.30818481707176 
142 23.329512905043458 
68 23.34956862666905 
46 18.551360570416445 
197 30.930173125500712 
214 23.220116139226743 
288 18.797020926223315 
179 32.686012264154726 
0 27.395196955798124 
171 20.16531579068656 
99 25.55268289008417 
149 16.39014733803277 
160 27.535241059021484 
231 27.080793771444895 
50 21.35017686282205 
52 21.324514606620383 
289 22.494044915060964 
85 24.677488236108378 
292 19.460773277455818 
287 19.530233843537125 
233 23.59940656011375 
19 16.760720303150645 
257 23.599043106806068 
181 29.68093023578553 
194 28.689982961854074 
242 27.270336022750115 
11 21.83472100492781 
78 21.906490711292697 
182 18.1401512708206 
1 22.74870506690805 
207 21.442980397135884 
136 18.66453639646784 
75 41.07122272688307 
235 26.18246821979691 
284 18.68009356394017 
255 19.498726670077044 
286 22.72357209873586 
155 23.09748214441955 
6 19.296498348750454 
272 14.109160934328969 
64 19.749918186453762 
55 14.46507397763903 
234 29.486972844097636 
67 24.15491066060221 
226 21.130299286035946 
271 34.027057584489036 
218 18.142994706101398 
176 26.017056985309445 
299 16.301422894029802 
156 30.097323790086342 
23 33.59674461380509 
133 11.16424474272873 
30 16.529191705105596 
117 18.382877027454036 
201 18.209413684123337 
82 21.70873603799064 
172 25.224087763725887 
146 23.66458332628861 
7 20.96751864235148 
295 17.172388657972956 
254 4.937146142426757 
190 28.11975873340702 
10 19.36712435182731 
291 15.996741604486001 
298 11.2792190359275 
250 8.034331243504619 
114 22.35366778537548 
48 19.400106098437085 
31 29.68421930688033 
81 23.018550586810285 
192 24.419158346144155 
125 21.972752406312633 
230 19.69983112456112 
98 18.42650535845646 
56 16.813639584231854 
119 22.099928708648676 
227 16.778400622781657 
113 14.689293355301675 
36 19.700823610895892 
245 17.547787935094153 
29 10.591582994866558 
132 16.633195261427044 
270 14.676958179118797 
261 20.023796067965193 
205 16.96794658110889 
89 20.424665185645935 
42 20.973784115213107 
203 19.23333658981463 
93 20.72115490352838 
193 25.219577430611892 
168 17.519985673348735 
164 21.683505150277572 
33 12.733536793207591 
166 16.702214463654002 
228 16.553341464456953 
202 20.326565315462293 
40 18.37777404706058 
158 16.705911354815612 
240 22.336924077411425 
115 11.555134907074297 
27 14.817509890103628 
49 11.859555231674324 
246 33.349111334864006 
14 9.269430558319561 
244 8.547670773198387 
22 17.789464178074155 
198 15.360089111544328 
210 15.481693020313978 
2 14.4224922636826 
232 17.381092292497275 
103 7.732254663650203 
147 7.177763285428392 
195 9.408433702215278 
269 8.795468208937237 
151 -1.4662867403095055 
97 -4.057443474693074 
