41 6
13 4
47 6
54 5
134 6
104 6
183 7
63 6
130 6
18 6
37 7
177 4
9 6
264 5
77 6
101 5
66 8
65 6
152 6
121 3
143 7
43 4
131 4
73 4
83 7
236 4
139 5
57 5
187 7
92 3
141 7
3 5
144 6
8 7
214 5
79 5
149 3
169 5
233 6
173 6
123 6
239 7
252 5
274 6
263 5
284 5
136 4
6 4
234 7
189 5
45 6
180 5
178 7
299 3
108 6
201 4
118 6
206 5
182 4
133 4
254 1
109 7
107 4
172 6
167 6
197 7
50 5
286 6
247 5
293 6
64 5
242 6
7 5
10 5
85 6
230 5
98 5
81 5
71 6
113 3
160 6
281 8
145 7
265 5
162 8
272 3
146 6
270 3
156 7
15 4
48 5
275 7
155 5
28 5
243 7
59 6
203 5
105 6
170 6
224 4
70 3
137 5
262 4
192 6
124 5
216 7
99 6
150 3
175 5
157 7
95 7
176 6
87 8
119 5
279 6
17 8
117 4
215 6
256 6
171 5
116 6
4 5
154 7
91 6
40 4
31 7
158 4
191 6
53 5
199 6
38 5
76 4
21 6
217 6
168 4
140 5
20 4
238 5
220 7
255 4
114 6
16 5
297 3
283 7
36 5
165 6
282 6
226 5
296 2
190 7
132 4
67 5
211 7
235 6
80 7
82 5
62 7
39 6
295 4
193 6
219 5
126 6
94 4
267 6
249 5
273 5
112 5
196 6
212 7
259 4
19 4
174 7
213 6
185 7
237 6
90 6
210 4
110 6
202 5
11 5
42 5
0 6
46 4
276 5
289 5
72 5
251 5
12 7
74 4
287 4
292 4
298 3
222 6
218 5
44 7
245 4
198 4
51 6
32 4
225 6
1 6
103 2
186 4
56 4
30 4
129 5
257 5
228 3
209 6
184 5
60 4
24 6
122 5
241 6
260 4
153 4
55 3
166 4
164 5
61 6
229 5
253 7
58 5
26 5
204 6
208 5
258 4
188 4
49 3
33 3
127 6
142 6
69 6
268 6
5 5
22 5
106 6
290 5
266 5
120 5
147 2
294 7
205 4
195 3
288 3
35 5
2 3
68 6
181 7
89 5
285 4
231 6
261 5
277 5
291 4
278 6
271 8
52 5
250 2
151 0
248 7
88 6
280 7
111 7
194 6
25 4
179 7
223 6
207 5
161 6
246 8
102 8
75 8
135 8
128 6
100 7
148 7
84 7
78 5
96 8
86 6
200 7
232 4
23 8
163 6
138 6
93 5
34 5
14 3
244 3
227 4
125 5
27 4
240 5
221 5
159 4
115 3
269 2
29 3
97 0
